# Fitted ML parameters for HEAs
2 Zr Nb
132 1
-9.84256
-422.645
197.237
-128.296
76.9507
-26.342
496.184
-277.054
210.806
-55.3357
22.4109
-7.42934
-175.617
-33.2104
200.733
-21.3796
13.8865
-7.41052
5.46984
6.11222
2.54428
2.83277
-0.476835
0.327895
-12.3719
0.402163
0.948883
0.365534
-1.10974
-0.15774
0.300169
0.543219
0.122439
-2.36616
-1.12935
-0.687832
-448.681
-200.04
-238.253
65.5973
-105.494
-54.0895
-6.92014
-0.889823
-0.667056
0.888022
0.328999
-0.0878623
163.986
80.7837
56.7542
-54.5758
-19.2382
-5.48337
607.741
275.163
282.662
-89.7721
32.5356
-61.8728
413.593
966.732
713.231
-353.945
705.612
647.811
-193.657
-178.865
-117.345
91.3839
-0.3534
-38.7921
0.23318
0.38868
0.278645
-0.315625
-0.0851012
-0.0753089
0.20686
-0.11255
-0.222604
-0.0061869
-0.209749
-0.340436
-0.505133
-0.533233
-0.585667
-0.432051
-0.630418
-0.667691
-1.1515
-1.73387
-1.53647
1.63165
1.23219
1.13164
-5.71974
-2.64441
-1.97858
-2.6861
-1.55955
-0.79716
4.01597
3.24126
3.38864
2.62098
3.02635
1.65345
-76.1723
27.4871
-5.3326
6.95292
-4.51985
1.40732
-38.6931
69.8272
-84.5222
30.2619
-19.3609
6.69282
2742.57
47.5799
-3.49914
9.48461
-8.79305
3.75666
-3586.56
181.935
-16.9919
-0.448629
0.702495
0.122821
1.80223
